129886449839
